train
13
77
303
233
207
430
265
47
344
125
421
196
221
286
205
136
156
219
475
96
224
60
378
330
439
400
483
447
432
278
83
438
485
401
126
78
40
76
268
321
445
52
309
69
361
72
131
249
62
234
260
28
226
358
478
12
272
236
166
448
149
148
179
143
494
320
70
461
132
237
419
477
467
420
87
393
160
472
38
11
123
324
331
99
369
127
186
414
297
182
332
370
377
0
349
216
381
469
353
304
23
168
387
146
362
287
183
5
34
4
174
481
250
2
173
217
482
499
15
425
74
300
435
71
215
29
229
3
64
488
152
89
328
245
150
90
390
9
354
372
426
171
462
409
270
104
480
311
44
451
308
267
210
45
266
417
120
373
436
371
145
359
53
24
315
434
468
105
232
41
271
364
264
274
313
484
334
446
58
403
185
1
291
112
175
452
39
454
440
489
273
307
42
463
36
101
94
22
241
423
437
398
10
281
230
142
199
85
128
138
184
496
389
63
203
337
187
189
121
422
43
336
33
222
212
98
65
247
231
363
491
379
388
326
32
342
218
158
345
134
256
129
429
262
220
198
86
254
17
18
441
459
140
164
88
151
135
396
57
193
191
246
314
405
153
312
316
97
201
356
54
386
50
102
108
188
341
180
415
329
406
346
357
380
431
442
100
263
238
323
343
49
208
449
410
37
30
211
223
117
167
59
460
176
141
61
376
209
433
213
258
424
279
51
473
302
497
367
48
486
validate
333
91
348
181
301
392
471
257
200
172
35
214
492
335
144
107
374
14
26
487
225
296
113
73
347
408
269
95
194
227
27
68
443
82
322
159
458
242
404
16
56
154
490
465
350
412
21
318
306
66
204
351
177
277
111
495
139
170
282
190
119
109
93
235
197
360
251
162
116
476
7
416
338
288
479
248
255
395
192
259
test
6
8
19
20
25
31
46
55
67
75
79
80
81
84
92
103
106
110
114
115
118
122
124
130
133
137
147
155
157
161
163
165
169
178
195
202
206
228
239
240
243
244
252
253
261
275
276
280
283
284
285
289
290
292
293
294
295
298
299
305
310
317
319
325
327
339
340
352
355
365
366
368
375
382
383
384
385
391
394
397
399
402
407
411
413
418
427
428
444
450
453
455
456
457
464
466
470
474
493
498
